50.000000 1.508145
1 0.035463
2 0.067467
3 0.099489
4 0.129968
5 0.160499
6 0.195959
7 0.227038
8 0.256072
9 0.285631
10 0.316869
11 0.348546
12 0.379159
13 0.407146
14 0.435550
15 0.463917
16 0.491884
17 0.520308
18 0.548989
19 0.577956
20 0.608864
21 0.641420
22 0.672522
23 0.701608
24 0.728427
25 0.756823
26 0.784249
27 0.813451
28 0.842902
29 0.872384
30 0.900673
31 0.930728
32 0.959281
33 0.988988
34 1.018955
35 1.048415
36 1.077531
37 1.107547
38 1.136842
39 1.164924
40 1.196305
41 1.223807
42 1.252339
43 1.280808
44 1.308230
45 1.354324
46 1.399425
47 1.433177
48 1.463812
49 1.494140
50 1.525932
51 1.553679
52 1.580733
53 1.608902
54 1.635860
55 1.662762
56 1.691423
57 1.721058
58 1.754710
59 1.782458
60 1.813759
61 1.840608
62 1.867639
63 1.894500
64 1.921325
65 1.948205
66 1.975035
67 2.001898
68 2.028813
69 2.056403
70 2.083191
71 2.111502
72 2.138887
73 2.165783
74 2.193115
75 2.220216
76 2.247044
77 2.273822
78 2.300618
79 2.327576
80 2.354487
81 2.387203
82 2.421043
83 2.455422
84 2.484203
85 2.512908
86 2.546810
87 2.575225
88 2.604152
89 2.632181
90 2.662542
91 2.690938
92 2.718308
93 2.746154
94 2.773550
95 2.800531
96 2.827494
97 2.854557
98 2.881584
99 2.908918
100 2.938008
