1 0.114436
2 0.239150
3 0.377125
4 0.504849
5 0.616656
6 0.733425
7 0.842407
8 0.953057
9 1.066335
10 1.177337
11 1.287746
12 1.409979
13 1.524054
14 1.633328
15 1.745626
16 1.856350
17 1.964957
18 2.074419
19 2.184279
20 2.295630
21 2.412832
22 2.523143
23 2.643016
24 2.780097
25 2.907705
26 3.016712
27 3.124850
28 3.234999
29 3.345986
30 3.456084
31 3.567355
32 3.677860
33 3.789681
34 3.900495
35 4.011067
36 4.121126
37 4.230933
38 4.341907
39 4.452464
40 4.576236
41 4.697990
42 4.809754
43 4.921667
44 5.054774
45 5.181018
46 5.298849
47 5.408871
48 5.517934
49 5.631304
50 5.742493
51 5.853661
52 5.963523
53 6.073177
54 6.182300
55 6.293334
56 6.401835
57 6.510976
58 6.621378
59 6.732570
60 6.879328
61 7.008048
62 7.116885
63 7.225790
64 7.346091
65 7.504214
66 7.630025
67 7.739071
68 7.847559
69 7.956541
70 8.067785
71 8.178755
72 8.287382
73 8.398452
74 8.514000
75 8.652972
76 8.765723
77 8.877898
78 8.986484
79 9.095064
80 9.203857
81 9.315957
82 9.427444
83 9.536831
84 9.646372
85 9.755242
86 9.893619
87 10.012041
88 10.128129
89 10.236802
90 10.345136
91 10.460044
92 10.570305
93 10.682224
94 10.790731
95 10.902239
96 11.013978
97 11.125423
98 11.234364
99 11.345145
100 11.455552
